baseline
[-8, -8, 9, 8, 9, -9, -9, -8, 9, 9, 9, 9, 9, -9, -9, -9, -9, -9, -9, -9, 9, -9, -9, 9, 9, -9, -9, 9, 9, 9, 9, -9, 9, -9, 9, -9, -9, 9, -9, -10, 9, -9, -9, 9, 9, 9, -9, 9, -9, 9, 9, 9, 9, -9, 9, 0]

out_of_order
[-9, -9, -10, 8, 7, -8, 9, 7, -7, 8, 10, 8, -8, 9, -8, -9, -8, -9, 7, 8, -8, 8, -8, -9, 7, -9, -9, 8, -8, -9, -9, -7, -8, -9, -9, -9, -10, -9, 9, -6, 8, -8, -10, 9, 7, 9, -7, -9, -8, -7, 8, 9, -8, -9, -8, 0]

ts (?)
[-9, -9, -10, 8, 7, -8, 9, 7, -7, 8, 10, 8, -8, 9, -8, -9, -8, -9, 7, 8, -8, 8, -8, -9, 7, -9, -9, 8, -8, -9, -9, -7, -8, -9, -9, -9, -10, -9, 9, -6, 8, -8, -10, 9, 7, 9, -7, -9, -8, -7, 8, 9, -8, -9, -8, 0]

always 56 messages
